<!-- Generated by pkgdown: do not edit by hand -->
<!DOCTYPE html>
<html>
  <head>
  <meta charset="utf-8">
<meta http-equiv="X-UA-Compatible" content="IE=edge">
<meta name="viewport" content="width=device-width, initial-scale=1.0">

<title>comdist — ph_comdist • phylocomr</title>

<!-- jquery -->
<script src="https://code.jquery.com/jquery-3.1.0.min.js" integrity="sha384-nrOSfDHtoPMzJHjVTdCopGqIqeYETSXhZDFyniQ8ZHcVy08QesyHcnOUpMpqnmWq" crossorigin="anonymous"></script>
<!-- Bootstrap -->

<link href="https://maxcdn.bootstrapcdn.com/bootstrap/3.3.7/css/bootstrap.min.css" rel="stylesheet" integrity="sha384-BVYiiSIFeK1dGmJRAkycuHAHRg32OmUcww7on3RYdg4Va+PmSTsz/K68vbdEjh4u" crossorigin="anonymous">
<script src="https://maxcdn.bootstrapcdn.com/bootstrap/3.3.7/js/bootstrap.min.js" integrity="sha384-Tc5IQib027qvyjSMfHjOMaLkfuWVxZxUPnCJA7l2mCWNIpG9mGCD8wGNIcPD7Txa" crossorigin="anonymous"></script>

<!-- Font Awesome icons -->
<link href="https://maxcdn.bootstrapcdn.com/font-awesome/4.6.3/css/font-awesome.min.css" rel="stylesheet" integrity="sha384-T8Gy5hrqNKT+hzMclPo118YTQO6cYprQmhrYwIiQ/3axmI1hQomh7Ud2hPOy8SP1" crossorigin="anonymous">


<!-- pkgdown -->
<link href="../pkgdown.css" rel="stylesheet">
<script src="../jquery.sticky-kit.min.js"></script>
<script src="../pkgdown.js"></script>

<!-- mathjax -->
<script src='https://cdn.mathjax.org/mathjax/latest/MathJax.js?config=TeX-AMS-MML_HTMLorMML'></script>

<!--[if lt IE 9]>
<script src="https://oss.maxcdn.com/html5shiv/3.7.3/html5shiv.min.js"></script>
<script src="https://oss.maxcdn.com/respond/1.4.2/respond.min.js"></script>
<![endif]-->
  </head>

  <body>
    <div class="container template-reference-topic">
      <header>
      <div class="navbar navbar-default navbar-fixed-top" role="navigation">
  <div class="container">
    <div class="navbar-header">
      <button type="button" class="navbar-toggle collapsed" data-toggle="collapse" data-target="#navbar">
        <span class="icon-bar"></span>
        <span class="icon-bar"></span>
        <span class="icon-bar"></span>
      </button>
      <a class="navbar-brand" href="../index.html">phylocomr</a>
    </div>
    <div id="navbar" class="navbar-collapse collapse">
      <ul class="nav navbar-nav">
        <li>
  <a href="../reference/index.html">Reference</a>
</li>
<li>
  <a href="../articles/index.html">Articles</a>
</li>
      </ul>
      
      <ul class="nav navbar-nav navbar-right">
        <li>
  <a href="https://github.com/ropensci/phylocomr">
    <span class="fa fa-github fa-lg"></span>
     
  </a>
</li>
      </ul>
    </div><!--/.nav-collapse -->
  </div><!--/.container -->
</div><!--/.navbar -->

      
      </header>

      <div class="row">
  <div class="col-md-9 contents">
    <div class="page-header">
    <h1>comdist</h1>
    </div>

    
    <p>Outputs the phylogenetic distance between samples, based on phylogenetic
distances of taxa in one sample to the taxa in the other</p>
    

    <pre><span class='fu'>ph_comdist</span>(<span class='no'>sample</span>, <span class='no'>phylo</span>, <span class='kw'>rand_test</span> <span class='kw'>=</span> <span class='fl'>FALSE</span>, <span class='kw'>null_model</span> <span class='kw'>=</span> <span class='fl'>0</span>,
  <span class='kw'>randomizations</span> <span class='kw'>=</span> <span class='fl'>999</span>, <span class='kw'>abundance</span> <span class='kw'>=</span> <span class='fl'>TRUE</span>)

<span class='fu'>ph_comdistnt</span>(<span class='no'>sample</span>, <span class='no'>phylo</span>, <span class='kw'>rand_test</span> <span class='kw'>=</span> <span class='fl'>FALSE</span>, <span class='kw'>null_model</span> <span class='kw'>=</span> <span class='fl'>0</span>,
  <span class='kw'>randomizations</span> <span class='kw'>=</span> <span class='fl'>999</span>, <span class='kw'>abundance</span> <span class='kw'>=</span> <span class='fl'>TRUE</span>)</pre>
    
    <h2 class="hasAnchor" id="arguments"><a class="anchor" href="#arguments"></a> Arguments</h2>
    <dl class="dl-horizontal">
      <dt>sample</dt>
      <dd>(data.frame/character) sample data.frame or path to a
sample file</dd>
      <dt>phylo</dt>
      <dd>(character/phylo) One of: phylogeny as a newick string (will be
written to a temp file) - OR path to file with a newick
string - OR a an <span class="pkg">ape</span> `phylo` object. required.</dd>
      <dt>rand_test</dt>
      <dd>(logical) do you want to use null models? Default: FALSE</dd>
      <dt>null_model</dt>
      <dd>(integer) which null model to use. See Details.</dd>
      <dt>randomizations</dt>
      <dd>(numeric) number of randomizations. Default: 999</dd>
      <dt>abundance</dt>
      <dd>(logical) If <code>TRUE</code> (default) computed accounting
for abundance. Otherwise, uses presence-absence.</dd>
    </dl>
    
    <h2 class="hasAnchor" id="value"><a class="anchor" href="#value"></a>Value</h2>

    <p>data.frame or a list of data.frame&#39;s if use null models</p>
    
    <h2 class="hasAnchor" id="null-models"><a class="anchor" href="#null-models"></a>Null models</h2>

    <p></p>
    <p><ul>
<li> 0 - Phylogeny shuffle: This null model shuffles species labels across
 the entire phylogeny. This randomizes phylogenetic relationships among
 species.
 </li>
<li> 1 - Species in each sample become random draws from sample pool:
 This null model maintains the species richness of each sample, but the
 identities of the species occurring in each sample are randomized. For
 each sample, species are drawn without replacement from the list of all
 species actually occurring in at least one sample. Thus, species in the
 phylogeny that are not actually observed to occur in a sample will not
 be included in the null communities
 </li>
<li> 2 - Species in each sample become random draws from phylogeny pool:
 This null model maintains the species richness of each sample, but the
 identities of the species occurring in each sample are randomized. For
 each sample, species are drawn without replacement from the list of all
 species in the phylogeny pool. All species in the phylogeny will have
 equal probability of being included in the null communities. By changing
 the phylogeny, different species pools can be simulated. For example, the
 phylogeny could include the species present in some larger region.
 </li>
<li> 3 - Independent swap: The independent swap algorithm (Gotelli and
 Entsminger, 2003); also known as ‘SIM9’ (Gotelli, 2000) creates swapped
 versions of the sample/species matrix.
</li>
</ul></p>
    

    <h2 class="hasAnchor" id="examples"><a class="anchor" href="#examples"></a>Examples</h2>
    <pre class="examples"><div class='input'><span class='no'>sfile</span> <span class='kw'>&lt;-</span> <span class='fu'>system.file</span>(<span class='st'>"examples/sample_comstruct"</span>, <span class='kw'>package</span> <span class='kw'>=</span> <span class='st'>"phylocomr"</span>)
<span class='no'>pfile</span> <span class='kw'>&lt;-</span> <span class='fu'>system.file</span>(<span class='st'>"examples/phylo_comstruct"</span>, <span class='kw'>package</span> <span class='kw'>=</span> <span class='st'>"phylocomr"</span>)

<span class='co'># from data.frame</span>
<span class='no'>sampledf</span> <span class='kw'>&lt;-</span> <span class='fu'>read.table</span>(<span class='no'>sfile</span>, <span class='kw'>header</span> <span class='kw'>=</span> <span class='fl'>FALSE</span>,
  <span class='kw'>stringsAsFactors</span> <span class='kw'>=</span> <span class='fl'>FALSE</span>)
<span class='no'>phylo_str</span> <span class='kw'>&lt;-</span> <span class='fu'>readLines</span>(<span class='no'>pfile</span>)
<span class='fu'>ph_comdist</span>(<span class='kw'>sample</span> <span class='kw'>=</span> <span class='no'>sampledf</span>, <span class='kw'>phylo</span> <span class='kw'>=</span> <span class='no'>phylo_str</span>)</div><div class='output co'>#&gt; # A tibble: 6 × 7
#&gt;      name   clump1  clump2a  clump2b   clump4     even   random
#&gt;     &lt;chr&gt;    &lt;dbl&gt;    &lt;dbl&gt;    &lt;dbl&gt;    &lt;dbl&gt;    &lt;dbl&gt;    &lt;dbl&gt;
#&gt; 1  clump1 4.250000 6.749999 8.083335 8.708335 8.062500 8.046875
#&gt; 2 clump2a 6.750001 4.944444 8.722219 8.416661 8.062505 7.822916
#&gt; 3 clump2b 8.083340 8.722218 5.833330 7.361108 8.062505 7.947916
#&gt; 4  clump4 8.708339 8.416662 7.361108 6.944441 7.875004 8.239582
#&gt; 5    even 8.062500 8.062500 8.062496 7.874995 7.750000 8.000000
#&gt; 6  random 8.046875 7.822917 7.947919 8.239586 8.000000 7.109375</div><div class='input'><span class='fu'>ph_comdistnt</span>(<span class='kw'>sample</span> <span class='kw'>=</span> <span class='no'>sampledf</span>, <span class='kw'>phylo</span> <span class='kw'>=</span> <span class='no'>phylo_str</span>)</div><div class='output co'>#&gt; # A tibble: 6 × 7
#&gt;      name   clump1  clump2a  clump2b   clump4  even   random
#&gt;     &lt;chr&gt;    &lt;dbl&gt;    &lt;dbl&gt;    &lt;dbl&gt;    &lt;dbl&gt; &lt;dbl&gt;    &lt;dbl&gt;
#&gt; 1  clump1 2.000000 4.166667 4.833334 6.000000 4.750 4.875000
#&gt; 2 clump2a 4.166667 2.000000 6.000000 4.333333 4.500 4.625000
#&gt; 3 clump2b 4.833333 6.000000 2.000000 3.000000 4.000 3.937500
#&gt; 4  clump4 6.000000 4.333334 3.000000 2.000000 2.000 4.104167
#&gt; 5    even 4.750000 4.500000 4.000000 2.000000 6.000 2.625000
#&gt; 6  random 4.875000 4.625000 3.937500 4.104167 2.625 4.875000</div><div class='input'><span class='fu'>ph_comdist</span>(<span class='kw'>sample</span> <span class='kw'>=</span> <span class='no'>sampledf</span>, <span class='kw'>phylo</span> <span class='kw'>=</span> <span class='no'>phylo_str</span>, <span class='kw'>rand_test</span> <span class='kw'>=</span> <span class='fl'>TRUE</span>)</div><div class='output co'>#&gt; $obs
#&gt;      name   clump1  clump2a  clump2b   clump4     even   random
#&gt; 1  clump1 4.250000 6.749999 8.083335 8.708335 8.062500 8.046875
#&gt; 2 clump2a 6.750001 4.944444 8.722219 8.416661 8.062505 7.822916
#&gt; 3 clump2b 8.083340 8.722218 5.833330 7.361108 8.062505 7.947916
#&gt; 4  clump4 8.708339 8.416662 7.361108 6.944441 7.875004 8.239582
#&gt; 5    even 8.062500 8.062500 8.062496 7.874995 7.750000 8.000000
#&gt; 6  random 8.046875 7.822917 7.947919 8.239586 8.000000 7.109375
#&gt; 
#&gt; $null_mean
#&gt;      name   clump1  clump2a  clump2b   clump4     even   random
#&gt; 1  clump1 7.269207 7.966617 7.960646 8.153592 8.061437 8.111486
#&gt; 2 clump2a 7.966617 7.150069 8.090708 7.968038 8.057477 8.187826
#&gt; 3 clump2b 7.960646 8.090708 7.178596 7.758713 8.061184 8.009711
#&gt; 4  clump4 8.153592 7.968038 7.758713 7.181819 7.815234 8.019092
#&gt; 5    even 8.061437 8.057477 8.061184 7.815234 7.297235 8.013169
#&gt; 6  random 8.111486 8.187826 8.009711 8.019092 8.013169 7.032251
#&gt; 
#&gt; $null_sd
#&gt;      name   clump1  clump2a  clump2b   clump4     even   random
#&gt; 1  clump1 0.295959 0.230404 0.220407 0.212135 0.198410 0.235767
#&gt; 2 clump2a 0.230404 0.322466 0.236113 0.230751 0.209572 0.264318
#&gt; 3 clump2b 0.220407 0.236113 0.300510 0.236081 0.214902 0.242678
#&gt; 4  clump4 0.212135 0.230751 0.236081 0.323953 0.215324 0.234125
#&gt; 5    even 0.198410 0.209572 0.214902 0.215324 0.275008 0.218760
#&gt; 6  random 0.235767 0.264318 0.242678 0.234125 0.218760 0.334773
#&gt; 
#&gt; $NRI_or_NTI
#&gt;      name    clump1   clump2a   clump2b    clump4      even    random
#&gt; 1  clump1 10.201423  5.280374 -0.556647 -2.615048 -0.005359  0.274048
#&gt; 2 clump2a  5.280361  6.839875 -2.674611 -1.944186 -0.023991  1.380574
#&gt; 3 clump2b -0.556668 -2.674607  4.476611  1.684186 -0.006146  0.254641
#&gt; 4  clump4 -2.615066 -1.944190  1.684184  0.732756 -0.277584 -0.941764
#&gt; 5    even -0.005359 -0.023968 -0.006106 -0.277542 -1.646371  0.060200
#&gt; 6  random  0.274048  1.380573  0.254627 -0.941781  0.060200 -0.230377
#&gt; </div><div class='input'><span class='fu'>ph_comdistnt</span>(<span class='kw'>sample</span> <span class='kw'>=</span> <span class='no'>sampledf</span>, <span class='kw'>phylo</span> <span class='kw'>=</span> <span class='no'>phylo_str</span>, <span class='kw'>rand_test</span> <span class='kw'>=</span> <span class='fl'>TRUE</span>)</div><div class='output co'>#&gt; $obs
#&gt;      name   clump1  clump2a  clump2b   clump4  even   random
#&gt; 1  clump1 2.000000 4.166667 4.833334 6.000000 4.750 4.875000
#&gt; 2 clump2a 4.166667 2.000000 6.000000 4.333333 4.500 4.625000
#&gt; 3 clump2b 4.833333 6.000000 2.000000 3.000000 4.000 3.937500
#&gt; 4  clump4 6.000000 4.333334 3.000000 2.000000 2.000 4.104167
#&gt; 5    even 4.750000 4.500000 4.000000 2.000000 6.000 2.625000
#&gt; 6  random 4.875000 4.625000 3.937500 4.104167 2.625 4.875000
#&gt; 
#&gt; $null_mean
#&gt;      name   clump1  clump2a  clump2b   clump4     even   random
#&gt; 1  clump1 4.714465 2.694694 2.655356 3.545245 3.327828 3.509093
#&gt; 2 clump2a 2.694694 4.696031 2.987152 2.589090 3.330531 3.664309
#&gt; 3 clump2b 2.655356 2.987152 4.737572 2.234985 3.333931 3.321749
#&gt; 4  clump4 3.545245 2.589090 2.234985 4.725061 2.232033 3.341915
#&gt; 5    even 3.327828 3.330531 3.333931 2.232033 4.728729 3.163748
#&gt; 6  random 3.509093 3.664309 3.321749 3.341915 3.163748 4.742868
#&gt; 
#&gt; $null_sd
#&gt;      name   clump1  clump2a  clump2b   clump4     even   random
#&gt; 1  clump1 0.637319 0.484905 0.472669 0.578813 0.528240 0.570263
#&gt; 2 clump2a 0.484905 0.683876 0.521981 0.444919 0.547392 0.621409
#&gt; 3 clump2b 0.472669 0.521981 0.688280 0.398638 0.554559 0.561783
#&gt; 4  clump4 0.578813 0.444919 0.398638 0.698461 0.383496 0.553392
#&gt; 5    even 0.528240 0.547392 0.554559 0.383496 0.666331 0.546922
#&gt; 6  random 0.570263 0.621409 0.561783 0.553392 0.546922 0.759870
#&gt; 
#&gt; $NRI_or_NTI
#&gt;      name    clump1   clump2a   clump2b    clump4      even    random
#&gt; 1  clump1  4.259195 -3.035591 -4.607831 -4.241020 -2.692282 -2.395224
#&gt; 2 clump2a -3.035591  3.942282 -5.771955 -3.920363 -2.136436 -1.545989
#&gt; 3 clump2b -4.607830 -5.771953  3.977408 -1.919073 -1.201079 -1.096066
#&gt; 4  clump4 -4.241020 -3.920364 -1.919072  3.901523  0.605046 -1.377419
#&gt; 5    even -2.692282 -2.136437 -1.201079  0.605046 -1.907867  0.985054
#&gt; 6  random -2.395224 -1.545989 -1.096066 -1.377419  0.985054 -0.173888
#&gt; </div><div class='input'>
<span class='co'># from files</span>
<span class='no'>sample_str</span> <span class='kw'>&lt;-</span> <span class='fu'>paste0</span>(<span class='fu'>readLines</span>(<span class='no'>sfile</span>), <span class='kw'>collapse</span> <span class='kw'>=</span> <span class='st'>"\n"</span>)
<span class='no'>sfile2</span> <span class='kw'>&lt;-</span> <span class='fu'>tempfile</span>()
<span class='fu'>cat</span>(<span class='no'>sample_str</span>, <span class='kw'>file</span> <span class='kw'>=</span> <span class='no'>sfile2</span>, <span class='kw'>sep</span> <span class='kw'>=</span> <span class='st'>'\n'</span>)
<span class='no'>pfile2</span> <span class='kw'>&lt;-</span> <span class='fu'>tempfile</span>()
<span class='fu'>cat</span>(<span class='no'>phylo_str</span>, <span class='kw'>file</span> <span class='kw'>=</span> <span class='no'>pfile2</span>, <span class='kw'>sep</span> <span class='kw'>=</span> <span class='st'>'\n'</span>)
<span class='fu'>ph_comdist</span>(<span class='kw'>sample</span> <span class='kw'>=</span> <span class='no'>sfile2</span>, <span class='kw'>phylo</span> <span class='kw'>=</span> <span class='no'>pfile2</span>)</div><div class='output co'>#&gt; # A tibble: 6 × 7
#&gt;      name   clump1  clump2a  clump2b   clump4     even   random
#&gt;     &lt;chr&gt;    &lt;dbl&gt;    &lt;dbl&gt;    &lt;dbl&gt;    &lt;dbl&gt;    &lt;dbl&gt;    &lt;dbl&gt;
#&gt; 1  clump1 4.250000 6.749999 8.083335 8.708335 8.062500 8.046875
#&gt; 2 clump2a 6.750001 4.944444 8.722219 8.416661 8.062505 7.822916
#&gt; 3 clump2b 8.083340 8.722218 5.833330 7.361108 8.062505 7.947916
#&gt; 4  clump4 8.708339 8.416662 7.361108 6.944441 7.875004 8.239582
#&gt; 5    even 8.062500 8.062500 8.062496 7.874995 7.750000 8.000000
#&gt; 6  random 8.046875 7.822917 7.947919 8.239586 8.000000 7.109375</div><div class='input'><span class='fu'>ph_comdistnt</span>(<span class='kw'>sample</span> <span class='kw'>=</span> <span class='no'>sfile2</span>, <span class='kw'>phylo</span> <span class='kw'>=</span> <span class='no'>pfile2</span>)</div><div class='output co'>#&gt; # A tibble: 6 × 7
#&gt;      name   clump1  clump2a  clump2b   clump4  even   random
#&gt;     &lt;chr&gt;    &lt;dbl&gt;    &lt;dbl&gt;    &lt;dbl&gt;    &lt;dbl&gt; &lt;dbl&gt;    &lt;dbl&gt;
#&gt; 1  clump1 2.000000 4.166667 4.833334 6.000000 4.750 4.875000
#&gt; 2 clump2a 4.166667 2.000000 6.000000 4.333333 4.500 4.625000
#&gt; 3 clump2b 4.833333 6.000000 2.000000 3.000000 4.000 3.937500
#&gt; 4  clump4 6.000000 4.333334 3.000000 2.000000 2.000 4.104167
#&gt; 5    even 4.750000 4.500000 4.000000 2.000000 6.000 2.625000
#&gt; 6  random 4.875000 4.625000 3.937500 4.104167 2.625 4.875000</div><div class='input'><span class='fu'>ph_comdist</span>(<span class='kw'>sample</span> <span class='kw'>=</span> <span class='no'>sfile2</span>, <span class='kw'>phylo</span> <span class='kw'>=</span> <span class='no'>pfile2</span>, <span class='kw'>rand_test</span> <span class='kw'>=</span> <span class='fl'>TRUE</span>)</div><div class='output co'>#&gt; $obs
#&gt;      name   clump1  clump2a  clump2b   clump4     even   random
#&gt; 1  clump1 4.250000 6.749999 8.083335 8.708335 8.062500 8.046875
#&gt; 2 clump2a 6.750001 4.944444 8.722219 8.416661 8.062505 7.822916
#&gt; 3 clump2b 8.083340 8.722218 5.833330 7.361108 8.062505 7.947916
#&gt; 4  clump4 8.708339 8.416662 7.361108 6.944441 7.875004 8.239582
#&gt; 5    even 8.062500 8.062500 8.062496 7.874995 7.750000 8.000000
#&gt; 6  random 8.046875 7.822917 7.947919 8.239586 8.000000 7.109375
#&gt; 
#&gt; $null_mean
#&gt;      name   clump1  clump2a  clump2b   clump4     even   random
#&gt; 1  clump1 7.269207 7.966617 7.960646 8.153592 8.061437 8.111486
#&gt; 2 clump2a 7.966617 7.150069 8.090708 7.968038 8.057477 8.187826
#&gt; 3 clump2b 7.960646 8.090708 7.178596 7.758713 8.061184 8.009711
#&gt; 4  clump4 8.153592 7.968038 7.758713 7.181819 7.815234 8.019092
#&gt; 5    even 8.061437 8.057477 8.061184 7.815234 7.297235 8.013169
#&gt; 6  random 8.111486 8.187826 8.009711 8.019092 8.013169 7.032251
#&gt; 
#&gt; $null_sd
#&gt;      name   clump1  clump2a  clump2b   clump4     even   random
#&gt; 1  clump1 0.295959 0.230404 0.220407 0.212135 0.198410 0.235767
#&gt; 2 clump2a 0.230404 0.322466 0.236113 0.230751 0.209572 0.264318
#&gt; 3 clump2b 0.220407 0.236113 0.300510 0.236081 0.214902 0.242678
#&gt; 4  clump4 0.212135 0.230751 0.236081 0.323953 0.215324 0.234125
#&gt; 5    even 0.198410 0.209572 0.214902 0.215324 0.275008 0.218760
#&gt; 6  random 0.235767 0.264318 0.242678 0.234125 0.218760 0.334773
#&gt; 
#&gt; $NRI_or_NTI
#&gt;      name    clump1   clump2a   clump2b    clump4      even    random
#&gt; 1  clump1 10.201423  5.280374 -0.556647 -2.615048 -0.005359  0.274048
#&gt; 2 clump2a  5.280361  6.839875 -2.674611 -1.944186 -0.023991  1.380574
#&gt; 3 clump2b -0.556668 -2.674607  4.476611  1.684186 -0.006146  0.254641
#&gt; 4  clump4 -2.615066 -1.944190  1.684184  0.732756 -0.277584 -0.941764
#&gt; 5    even -0.005359 -0.023968 -0.006106 -0.277542 -1.646371  0.060200
#&gt; 6  random  0.274048  1.380573  0.254627 -0.941781  0.060200 -0.230377
#&gt; </div><div class='input'><span class='fu'>ph_comdistnt</span>(<span class='kw'>sample</span> <span class='kw'>=</span> <span class='no'>sfile2</span>, <span class='kw'>phylo</span> <span class='kw'>=</span> <span class='no'>pfile2</span>, <span class='kw'>rand_test</span> <span class='kw'>=</span> <span class='fl'>TRUE</span>)</div><div class='output co'>#&gt; $obs
#&gt;      name   clump1  clump2a  clump2b   clump4  even   random
#&gt; 1  clump1 2.000000 4.166667 4.833334 6.000000 4.750 4.875000
#&gt; 2 clump2a 4.166667 2.000000 6.000000 4.333333 4.500 4.625000
#&gt; 3 clump2b 4.833333 6.000000 2.000000 3.000000 4.000 3.937500
#&gt; 4  clump4 6.000000 4.333334 3.000000 2.000000 2.000 4.104167
#&gt; 5    even 4.750000 4.500000 4.000000 2.000000 6.000 2.625000
#&gt; 6  random 4.875000 4.625000 3.937500 4.104167 2.625 4.875000
#&gt; 
#&gt; $null_mean
#&gt;      name   clump1  clump2a  clump2b   clump4     even   random
#&gt; 1  clump1 4.714465 2.694694 2.655356 3.545245 3.327828 3.509093
#&gt; 2 clump2a 2.694694 4.696031 2.987152 2.589090 3.330531 3.664309
#&gt; 3 clump2b 2.655356 2.987152 4.737572 2.234985 3.333931 3.321749
#&gt; 4  clump4 3.545245 2.589090 2.234985 4.725061 2.232033 3.341915
#&gt; 5    even 3.327828 3.330531 3.333931 2.232033 4.728729 3.163748
#&gt; 6  random 3.509093 3.664309 3.321749 3.341915 3.163748 4.742868
#&gt; 
#&gt; $null_sd
#&gt;      name   clump1  clump2a  clump2b   clump4     even   random
#&gt; 1  clump1 0.637319 0.484905 0.472669 0.578813 0.528240 0.570263
#&gt; 2 clump2a 0.484905 0.683876 0.521981 0.444919 0.547392 0.621409
#&gt; 3 clump2b 0.472669 0.521981 0.688280 0.398638 0.554559 0.561783
#&gt; 4  clump4 0.578813 0.444919 0.398638 0.698461 0.383496 0.553392
#&gt; 5    even 0.528240 0.547392 0.554559 0.383496 0.666331 0.546922
#&gt; 6  random 0.570263 0.621409 0.561783 0.553392 0.546922 0.759870
#&gt; 
#&gt; $NRI_or_NTI
#&gt;      name    clump1   clump2a   clump2b    clump4      even    random
#&gt; 1  clump1  4.259195 -3.035591 -4.607831 -4.241020 -2.692282 -2.395224
#&gt; 2 clump2a -3.035591  3.942282 -5.771955 -3.920363 -2.136436 -1.545989
#&gt; 3 clump2b -4.607830 -5.771953  3.977408 -1.919073 -1.201079 -1.096066
#&gt; 4  clump4 -4.241020 -3.920364 -1.919072  3.901523  0.605046 -1.377419
#&gt; 5    even -2.692282 -2.136437 -1.201079  0.605046 -1.907867  0.985054
#&gt; 6  random -2.395224 -1.545989 -1.096066 -1.377419  0.985054 -0.173888
#&gt; </div></pre>
  </div>
  <div class="col-md-3 hidden-xs hidden-sm" id="sidebar">
    <h2>Contents</h2>
    <ul class="nav nav-pills nav-stacked">
      <li><a href="#arguments">Arguments</a></li>
      
      <li><a href="#value">Value</a></li>

      <li><a href="#null-models">Null models</a></li>
      
      <li><a href="#examples">Examples</a></li>
    </ul>

  </div>
</div>

      <footer>
      <div class="copyright">
  <p>Developed by Jeroen Ooms, Scott Chamberlain.</p>
</div>

<div class="pkgdown">
  <p>Site built with <a href="http://hadley.github.io/pkgdown/">pkgdown</a>.</p>
</div>

      </footer>
   </div>

  </body>
</html>
