<!-- Generated by pkgdown: do not edit by hand -->
<!DOCTYPE html>
<html>
  <head>
  <meta charset="utf-8">
<meta http-equiv="X-UA-Compatible" content="IE=edge">
<meta name="viewport" content="width=device-width, initial-scale=1.0">

<title>rao - Rao&#39;s quadratic entropy — ph_rao • phylocomr</title>

<!-- jquery -->
<script src="https://code.jquery.com/jquery-3.1.0.min.js" integrity="sha384-nrOSfDHtoPMzJHjVTdCopGqIqeYETSXhZDFyniQ8ZHcVy08QesyHcnOUpMpqnmWq" crossorigin="anonymous"></script>
<!-- Bootstrap -->

<link href="https://maxcdn.bootstrapcdn.com/bootstrap/3.3.7/css/bootstrap.min.css" rel="stylesheet" integrity="sha384-BVYiiSIFeK1dGmJRAkycuHAHRg32OmUcww7on3RYdg4Va+PmSTsz/K68vbdEjh4u" crossorigin="anonymous">
<script src="https://maxcdn.bootstrapcdn.com/bootstrap/3.3.7/js/bootstrap.min.js" integrity="sha384-Tc5IQib027qvyjSMfHjOMaLkfuWVxZxUPnCJA7l2mCWNIpG9mGCD8wGNIcPD7Txa" crossorigin="anonymous"></script>

<!-- Font Awesome icons -->
<link href="https://maxcdn.bootstrapcdn.com/font-awesome/4.6.3/css/font-awesome.min.css" rel="stylesheet" integrity="sha384-T8Gy5hrqNKT+hzMclPo118YTQO6cYprQmhrYwIiQ/3axmI1hQomh7Ud2hPOy8SP1" crossorigin="anonymous">


<!-- pkgdown -->
<link href="../pkgdown.css" rel="stylesheet">
<script src="../jquery.sticky-kit.min.js"></script>
<script src="../pkgdown.js"></script>

<!-- mathjax -->
<script src='https://cdn.mathjax.org/mathjax/latest/MathJax.js?config=TeX-AMS-MML_HTMLorMML'></script>

<!--[if lt IE 9]>
<script src="https://oss.maxcdn.com/html5shiv/3.7.3/html5shiv.min.js"></script>
<script src="https://oss.maxcdn.com/respond/1.4.2/respond.min.js"></script>
<![endif]-->
  </head>

  <body>
    <div class="container template-reference-topic">
      <header>
      <div class="navbar navbar-default navbar-fixed-top" role="navigation">
  <div class="container">
    <div class="navbar-header">
      <button type="button" class="navbar-toggle collapsed" data-toggle="collapse" data-target="#navbar">
        <span class="icon-bar"></span>
        <span class="icon-bar"></span>
        <span class="icon-bar"></span>
      </button>
      <a class="navbar-brand" href="../index.html">phylocomr</a>
    </div>
    <div id="navbar" class="navbar-collapse collapse">
      <ul class="nav navbar-nav">
        <li>
  <a href="../reference/index.html">Reference</a>
</li>
<li>
  <a href="../articles/index.html">Articles</a>
</li>
      </ul>
      
      <ul class="nav navbar-nav navbar-right">
        <li>
  <a href="https://github.com/ropensci/phylocomr">
    <span class="fa fa-github fa-lg"></span>
     
  </a>
</li>
      </ul>
    </div><!--/.nav-collapse -->
  </div><!--/.container -->
</div><!--/.navbar -->

      
      </header>

      <div class="row">
  <div class="col-md-9 contents">
    <div class="page-header">
    <h1>rao - Rao&#39;s quadratic entropy</h1>
    </div>

    
    <p>A measure of within- and among-community diversity taking species
dissimilarity (phylogenetic dissimilarity) into account</p>
    

    <pre><span class='fu'>ph_rao</span>(<span class='no'>sample</span>, <span class='no'>phylo</span>)</pre>
    
    <h2 class="hasAnchor" id="arguments"><a class="anchor" href="#arguments"></a> Arguments</h2>
    <dl class="dl-horizontal">
      <dt>sample</dt>
      <dd>(data.frame/character) sample data.frame or path to a
sample file</dd>
      <dt>phylo</dt>
      <dd>(character/phylo) phylogeny as a phylo object or a newick
string (will be written to a temp file if provided) - or a path to a
file with a newick string</dd>
    </dl>
    
    <h2 class="hasAnchor" id="value"><a class="anchor" href="#value"></a>Value</h2>

    <p>A list of 6 data.frame&#39;s:
<strong>Diversity components</strong>:
<ul>
<li> overall alpha (within-site)
 </li>
<li> beta (among-site)
 </li>
<li> total diversity
 </li>
<li> Fst statistic of differentiation for diversity and phylogenetic
 diversity
</li>
</ul></p>
    <p><strong>Within-community diversity</strong>:
<ul>
<li> Plot - Plot name
 </li>
<li> NSpp - Number of species
 </li>
<li> NIndiv - Number of individuals
 </li>
<li> PropIndiv - Proportion of all individuals found in this plot
 </li>
<li> D - Diversity (= Simpson’s diversity)
 </li>
<li> Dp - Phylogenetic diversity (= Diversity weighted by interspecific
 phylogenetic distances)
</li>
</ul></p>
    <p>The remaining 4 tables compare each community pairwise:
<ul>
<li> among_community_diversity_d - Among-community diversities
 </li>
<li> among_community_diversity_h - Among-community diversities excluding
 within-community diversity
 </li>
<li> among_community_phylogenetic_diversity_dp - Among-community
 phylogenetic diversities
 </li>
<li> among_community_phylogenetic_diversity_hp - Among-community
 phylogenetic diversities excluding within-community diversity
</li>
</ul></p>
    
    <h2 class="hasAnchor" id="see-also"><a class="anchor" href="#see-also"></a>See also</h2>

    <p>Other phylogenetic-diversity: <code><a href='ph_pd.html'>ph_pd</a></code></p>
    

    <h2 class="hasAnchor" id="examples"><a class="anchor" href="#examples"></a>Examples</h2>
    <pre class="examples"><div class='input'><span class='no'>sfile</span> <span class='kw'>&lt;-</span> <span class='fu'>system.file</span>(<span class='st'>"examples/sample_comstruct"</span>, <span class='kw'>package</span> <span class='kw'>=</span> <span class='st'>"phylocomr"</span>)
<span class='no'>pfile</span> <span class='kw'>&lt;-</span> <span class='fu'>system.file</span>(<span class='st'>"examples/phylo_comstruct"</span>, <span class='kw'>package</span> <span class='kw'>=</span> <span class='st'>"phylocomr"</span>)

<span class='co'># sample from data.frame, phylogeny from a string</span>
<span class='no'>sampledf</span> <span class='kw'>&lt;-</span> <span class='fu'>read.table</span>(<span class='no'>sfile</span>, <span class='kw'>header</span> <span class='kw'>=</span> <span class='fl'>FALSE</span>,
  <span class='kw'>stringsAsFactors</span> <span class='kw'>=</span> <span class='fl'>FALSE</span>)
<span class='no'>phylo_str</span> <span class='kw'>&lt;-</span> <span class='fu'>readLines</span>(<span class='no'>pfile</span>)

<span class='fu'>ph_rao</span>(<span class='kw'>sample</span> <span class='kw'>=</span> <span class='no'>sampledf</span>, <span class='kw'>phylo</span> <span class='kw'>=</span> <span class='no'>phylo_str</span>)</div><div class='output co'>#&gt; $diversity_components
#&gt; # A tibble: 4 × 3
#&gt;   Component Standard Phylogenetic
#&gt;       &lt;chr&gt;    &lt;dbl&gt;        &lt;dbl&gt;
#&gt; 1     Alpha 0.860294     3.106005
#&gt; 2      Beta 0.084775     0.752559
#&gt; 3     Total 0.945069     3.858564
#&gt; 4       Fst 0.089703     0.195036
#&gt; 
#&gt; $within_community_diveristy
#&gt; # A tibble: 6 × 6
#&gt;      Plot  NSpp NIndiv PropIndiv        D       Dp
#&gt;     &lt;chr&gt; &lt;int&gt;  &lt;int&gt;     &lt;dbl&gt;    &lt;dbl&gt;    &lt;dbl&gt;
#&gt; 1  clump1     8      8  0.117647 0.875000 2.125000
#&gt; 2 clump2a     8     12  0.176471 0.861111 2.472222
#&gt; 3 clump2b     8     12  0.176471 0.861111 2.916667
#&gt; 4  clump4     8     12  0.176471 0.861111 3.472222
#&gt; 5    even     8      8  0.117647 0.875000 3.875000
#&gt; 6  random     8     16  0.235294 0.843750 3.554688
#&gt; 
#&gt; $among_community_diversity_d
#&gt; # A tibble: 6 × 7
#&gt;         .   clump1  clump2a  clump2b   clump4     even   random
#&gt;     &lt;chr&gt;    &lt;dbl&gt;    &lt;dbl&gt;    &lt;dbl&gt;    &lt;dbl&gt;    &lt;dbl&gt;    &lt;dbl&gt;
#&gt; 1  clump1 0.875000 0.958333 0.958333 0.979167 0.968750 0.976562
#&gt; 2 clump2a 0.958333 0.861111 0.972222 0.958333 0.968750 0.984375
#&gt; 3 clump2b 0.958333 0.972222 0.861111 0.930556 0.968750 0.963542
#&gt; 4  clump4 0.979167 0.958333 0.930556 0.861111 0.937500 0.963542
#&gt; 5    even 0.968750 0.968750 0.968750 0.937500 0.875000 0.960938
#&gt; 6  random 0.976562 0.984375 0.963542 0.963542 0.960938 0.843750
#&gt; 
#&gt; $among_community_diversity_h
#&gt; # A tibble: 6 × 7
#&gt;         .   clump1  clump2a  clump2b   clump4     even   random
#&gt;     &lt;chr&gt;    &lt;dbl&gt;    &lt;dbl&gt;    &lt;dbl&gt;    &lt;dbl&gt;    &lt;dbl&gt;    &lt;dbl&gt;
#&gt; 1  clump1 0.000000 0.090278 0.090278 0.111111 0.093750 0.117188
#&gt; 2 clump2a 0.090278 0.000000 0.111111 0.097222 0.100694 0.131944
#&gt; 3 clump2b 0.090278 0.111111 0.000000 0.069444 0.100694 0.111111
#&gt; 4  clump4 0.111111 0.097222 0.069444 0.000000 0.069444 0.111111
#&gt; 5    even 0.093750 0.100694 0.100694 0.069444 0.000000 0.101562
#&gt; 6  random 0.117188 0.131944 0.111111 0.111111 0.101562 0.000000
#&gt; 
#&gt; $among_community_phylogenetic_diversity_dp
#&gt; # A tibble: 6 × 7
#&gt;         .   clump1  clump2a  clump2b   clump4    even   random
#&gt;     &lt;chr&gt;    &lt;dbl&gt;    &lt;dbl&gt;    &lt;dbl&gt;    &lt;dbl&gt;   &lt;dbl&gt;    &lt;dbl&gt;
#&gt; 1  clump1 2.125000 3.375000 4.041667 4.354167 4.03125 4.023438
#&gt; 2 clump2a 3.375000 2.472222 4.361111 4.208334 4.03125 3.911458
#&gt; 3 clump2b 4.041667 4.361111 2.916667 3.680556 4.03125 3.973958
#&gt; 4  clump4 4.354167 4.208334 3.680556 3.472222 3.93750 4.119792
#&gt; 5    even 4.031250 4.031250 4.031250 3.937500 3.87500 4.000000
#&gt; 6  random 4.023438 3.911458 3.973958 4.119792 4.00000 3.554688
#&gt; 
#&gt; $among_community_phylogenetic_diversity_hp
#&gt; # A tibble: 6 × 7
#&gt;         .   clump1  clump2a  clump2b   clump4     even   random
#&gt;     &lt;chr&gt;    &lt;dbl&gt;    &lt;dbl&gt;    &lt;dbl&gt;    &lt;dbl&gt;    &lt;dbl&gt;    &lt;dbl&gt;
#&gt; 1  clump1 0.000000 1.076389 1.520833 1.555556 1.031250 1.183594
#&gt; 2 clump2a 1.076389 0.000000 1.666667 1.236111 0.857639 0.898004
#&gt; 3 clump2b 1.520833 1.666667 0.000000 0.486111 0.635417 0.738281
#&gt; 4  clump4 1.555556 1.236111 0.486111 0.000000 0.263889 0.606337
#&gt; 5    even 1.031250 0.857639 0.635417 0.263889 0.000000 0.285156
#&gt; 6  random 1.183594 0.898004 0.738281 0.606337 0.285156 0.000000
#&gt; </div><div class='input'>
<span class='co'># both from files</span>
<span class='no'>sample_str</span> <span class='kw'>&lt;-</span> <span class='fu'>paste0</span>(<span class='fu'>readLines</span>(<span class='no'>sfile</span>), <span class='kw'>collapse</span> <span class='kw'>=</span> <span class='st'>"\n"</span>)
<span class='no'>sfile2</span> <span class='kw'>&lt;-</span> <span class='fu'>tempfile</span>()
<span class='fu'>cat</span>(<span class='no'>sample_str</span>, <span class='kw'>file</span> <span class='kw'>=</span> <span class='no'>sfile2</span>, <span class='kw'>sep</span> <span class='kw'>=</span> <span class='st'>'\n'</span>)
<span class='no'>pfile2</span> <span class='kw'>&lt;-</span> <span class='fu'>tempfile</span>()
<span class='no'>phylo_str</span> <span class='kw'>&lt;-</span> <span class='fu'>readLines</span>(<span class='no'>pfile</span>)
<span class='fu'>cat</span>(<span class='no'>phylo_str</span>, <span class='kw'>file</span> <span class='kw'>=</span> <span class='no'>pfile2</span>, <span class='kw'>sep</span> <span class='kw'>=</span> <span class='st'>'\n'</span>)

<span class='fu'>ph_rao</span>(<span class='kw'>sample</span> <span class='kw'>=</span> <span class='no'>sfile2</span>, <span class='kw'>phylo</span> <span class='kw'>=</span> <span class='no'>pfile2</span>)</div><div class='output co'>#&gt; $diversity_components
#&gt; # A tibble: 4 × 3
#&gt;   Component Standard Phylogenetic
#&gt;       &lt;chr&gt;    &lt;dbl&gt;        &lt;dbl&gt;
#&gt; 1     Alpha 0.860294     3.106005
#&gt; 2      Beta 0.084775     0.752559
#&gt; 3     Total 0.945069     3.858564
#&gt; 4       Fst 0.089703     0.195036
#&gt; 
#&gt; $within_community_diveristy
#&gt; # A tibble: 6 × 6
#&gt;      Plot  NSpp NIndiv PropIndiv        D       Dp
#&gt;     &lt;chr&gt; &lt;int&gt;  &lt;int&gt;     &lt;dbl&gt;    &lt;dbl&gt;    &lt;dbl&gt;
#&gt; 1  clump1     8      8  0.117647 0.875000 2.125000
#&gt; 2 clump2a     8     12  0.176471 0.861111 2.472222
#&gt; 3 clump2b     8     12  0.176471 0.861111 2.916667
#&gt; 4  clump4     8     12  0.176471 0.861111 3.472222
#&gt; 5    even     8      8  0.117647 0.875000 3.875000
#&gt; 6  random     8     16  0.235294 0.843750 3.554688
#&gt; 
#&gt; $among_community_diversity_d
#&gt; # A tibble: 6 × 7
#&gt;         .   clump1  clump2a  clump2b   clump4     even   random
#&gt;     &lt;chr&gt;    &lt;dbl&gt;    &lt;dbl&gt;    &lt;dbl&gt;    &lt;dbl&gt;    &lt;dbl&gt;    &lt;dbl&gt;
#&gt; 1  clump1 0.875000 0.958333 0.958333 0.979167 0.968750 0.976562
#&gt; 2 clump2a 0.958333 0.861111 0.972222 0.958333 0.968750 0.984375
#&gt; 3 clump2b 0.958333 0.972222 0.861111 0.930556 0.968750 0.963542
#&gt; 4  clump4 0.979167 0.958333 0.930556 0.861111 0.937500 0.963542
#&gt; 5    even 0.968750 0.968750 0.968750 0.937500 0.875000 0.960938
#&gt; 6  random 0.976562 0.984375 0.963542 0.963542 0.960938 0.843750
#&gt; 
#&gt; $among_community_diversity_h
#&gt; # A tibble: 6 × 7
#&gt;         .   clump1  clump2a  clump2b   clump4     even   random
#&gt;     &lt;chr&gt;    &lt;dbl&gt;    &lt;dbl&gt;    &lt;dbl&gt;    &lt;dbl&gt;    &lt;dbl&gt;    &lt;dbl&gt;
#&gt; 1  clump1 0.000000 0.090278 0.090278 0.111111 0.093750 0.117188
#&gt; 2 clump2a 0.090278 0.000000 0.111111 0.097222 0.100694 0.131944
#&gt; 3 clump2b 0.090278 0.111111 0.000000 0.069444 0.100694 0.111111
#&gt; 4  clump4 0.111111 0.097222 0.069444 0.000000 0.069444 0.111111
#&gt; 5    even 0.093750 0.100694 0.100694 0.069444 0.000000 0.101562
#&gt; 6  random 0.117188 0.131944 0.111111 0.111111 0.101562 0.000000
#&gt; 
#&gt; $among_community_phylogenetic_diversity_dp
#&gt; # A tibble: 6 × 7
#&gt;         .   clump1  clump2a  clump2b   clump4    even   random
#&gt;     &lt;chr&gt;    &lt;dbl&gt;    &lt;dbl&gt;    &lt;dbl&gt;    &lt;dbl&gt;   &lt;dbl&gt;    &lt;dbl&gt;
#&gt; 1  clump1 2.125000 3.375000 4.041667 4.354167 4.03125 4.023438
#&gt; 2 clump2a 3.375000 2.472222 4.361111 4.208334 4.03125 3.911458
#&gt; 3 clump2b 4.041667 4.361111 2.916667 3.680556 4.03125 3.973958
#&gt; 4  clump4 4.354167 4.208334 3.680556 3.472222 3.93750 4.119792
#&gt; 5    even 4.031250 4.031250 4.031250 3.937500 3.87500 4.000000
#&gt; 6  random 4.023438 3.911458 3.973958 4.119792 4.00000 3.554688
#&gt; 
#&gt; $among_community_phylogenetic_diversity_hp
#&gt; # A tibble: 6 × 7
#&gt;         .   clump1  clump2a  clump2b   clump4     even   random
#&gt;     &lt;chr&gt;    &lt;dbl&gt;    &lt;dbl&gt;    &lt;dbl&gt;    &lt;dbl&gt;    &lt;dbl&gt;    &lt;dbl&gt;
#&gt; 1  clump1 0.000000 1.076389 1.520833 1.555556 1.031250 1.183594
#&gt; 2 clump2a 1.076389 0.000000 1.666667 1.236111 0.857639 0.898004
#&gt; 3 clump2b 1.520833 1.666667 0.000000 0.486111 0.635417 0.738281
#&gt; 4  clump4 1.555556 1.236111 0.486111 0.000000 0.263889 0.606337
#&gt; 5    even 1.031250 0.857639 0.635417 0.263889 0.000000 0.285156
#&gt; 6  random 1.183594 0.898004 0.738281 0.606337 0.285156 0.000000
#&gt; </div></pre>
  </div>
  <div class="col-md-3 hidden-xs hidden-sm" id="sidebar">
    <h2>Contents</h2>
    <ul class="nav nav-pills nav-stacked">
      <li><a href="#arguments">Arguments</a></li>
      
      <li><a href="#value">Value</a></li>

      <li><a href="#see-also">See also</a></li>
      
      <li><a href="#examples">Examples</a></li>
    </ul>

  </div>
</div>

      <footer>
      <div class="copyright">
  <p>Developed by Jeroen Ooms, Scott Chamberlain.</p>
</div>

<div class="pkgdown">
  <p>Site built with <a href="http://hadley.github.io/pkgdown/">pkgdown</a>.</p>
</div>

      </footer>
   </div>

  </body>
</html>
